R
+1921376925
+1559436157
+1825051735
+1217038602
+1320634492
+1304438548
+2042830296
+955798986
W
R
+791251530
+859310840
+1654844049
+995097051
+855320512
+20336956
+1335077589
+2070707654
W
R
+384868448
+102194872
+2008532428
+916768482
+1268632557
+145376088
+957426576
+1401262337
W
R
+1889537797
+1331565220
+1767125139
+318333694
+1680687005
+1090438014
+428674782
+1454580282
W
R
+502390523
+106242869
+524135236
+1823025015
+1410681417
+419481884
+631340353
+54449299
W
R
+1278792724
+138700754
+1049546350
+2134113236
+159037710
+237140292
+2057337242
+543906158
W
R
+339335164
+1918386023
+1460674641
+1607967721
+2063762111
+270617569
+861746410
+1805816260
W
R
+1602182790
+481387902
+2124149955
+1135386147
+1571825916
+405341089
+442482781
+2074216439
W
R
+511583958
+966618017
+1749757806
+1922265375
+1386099901
+233614511
+1976714674
+517408978
W
R
+372315265
+878777377
+504038566
+531352976
+1115917669
+413892161
+1075259134
+1455252833
W
R
+184794536
+388450127
+915736906
+101072999
+659067697
+1777483316
+1906889260
+113766839
W
R
+111387570
+1883555567
+1249152986
+1683213486
+141413008
+1691635767
+1609946277
+652996966
W
R
+510770136
+1212220435
+427778693
+1896870037
+1445834946
+257009719
+266795367
+1818150212
W
R
+1135787096
+770833934
+202019540
+104221117
+1184726095
+1277278674
+1559473950
+1369520631
W
R
+1665728802
+327727208
+1470593630
+177312851
+2105210525
+1229999242
+291079690
+69114447
W
R
+966071161
+1540232676
+1752327934
+1107484169
+1084384795
+1214790563
+1760481135
+1595154931
W
R
+279527351
+40776180
+1344541320
+1725362297
+297785900
+1611336688
+1396028861
+1433572996
W
R
+234686974
+1598048401
+1537794114
+1419413069
+727843428
+949784416
+641450052
+246088582
W
R
+1277511625
+2112043682
+423401433
+1235238502
+1194559277
+714481123
+1304352949
+13146790
W
R
+107230151
+909197235
+1120630960
+1191614946
+2123987799
+733628447
+639286229
+256031502
W
R
+774404628
+1983827549
+1981393799
+1072190528
+1447680589
+1229939013
+358279876
+1682367563
W
R
+680503766
+1896073990
+954296984
+1408347194
+698374759
+1595747036
+1654435776
+1975886384
W
R
+1560307071
+2077837209
+1063641238
+607382700
+644834684
+220510539
+620529490
+752064835
W
R
+1129707775
+1741160450
+1943679781
+1106211926
+327305250
+435482362
+1362243428
+1101709878
W
R
+271826264
+1196153579
+26416758
+1719506853
+278608944
+384696634
+1254390769
+959112711
W
R
+133286977
+61204105
+219976257
+831661736
+1656951142
+1874412034
+660064472
+1069774565
W
R
+1804765595
+1723705710
+1677157265
+302116632
+1944216249
+150203107
+1054181467
+926440376
W
R
+1891363558
+850377601
+2032652302
+71185160
+1285859963
+1247412082
+1172895038
+1557686227
W
R
+296082014
+1199311796
+1129709433
+574690958
+1584008430
+236616554
+1533803669
+1717295407
W
R
+297820659
+1753779927
+401473495
+1954771801
+1480708313
+1061537967
+877062718
+1137990260
W
R
+637760029
+406736335
+1440106892
+434492631
+556939443
+346804712
+1360933007
+300819353
W
R
+1197182313
+1246101662
+372004513
+335558628
+346030096
+1544899551
+1893244856
+642112110
W
R
+596727699
+875470641
+1216803069
+33252481
+1112087195
+603123090
+1750547889
+1409907854
W
R
+209419369
+4537736
+1217196008
+1690127682
+1066075704
+2094258726
+680634295
+1703835733
W
R
+353511414
+2120741187
+2138328364
+910450857
+320062251
+1351777724
+1211270210
+1517244564
W
R
+450395738
+1583274723
+1852803193
+796425834
+980690626
+1598564401
+1438537945
+1577418325
W
R
+326551394
+507857366
+1610670806
+1438638589
+1110980456
+1213735047
+701062795
+1320399826
W
R
+1218272784
+1918258803
+863043860
+136864840
+1865033882
+1543678155
+1840700573
+71061648
W
R
+1516935695
+1831545290
+981512505
+1836997946
+1035839366
+45299067
+1206758863
+1486235104
W
R
+1628573790
+912078408
+135177290
+461780768
+363159161
+1573715235
+2039199093
+689710555
W
R
+2081572601
+1502386251
+2128349144
+1045069410
+568637651
+681928291
+217985588
+1786910435
W
R
+452703447
+1081029448
+1923775275
+170253681
+477223956
+1616992200
+241315329
+1994159651
W
R
+1301053842
+1222827834
+1683673949
+189409560
+1268126901
+742949164
+1675644664
+749217043
W
R
+1655027572
+1810821955
+1210997811
+2018186733
+1237053542
+1102713256
+560413640
+1171142496
W
R
+457615859
+541279136
+68728258
+1026253510
+1223207428
+286713846
+665680297
+1675910875
W
R
+1367743294
+441971924
+1846164556
+1844967250
+2058964125
+2087479885
+1691643253
+1212534319
W
R
+1162824071
+1227833555
+1401943880
+283467324
+1970782719
+930104896
+1032684367
+1478326644
W
R
+593443203
+96198530
+1349029729
+1830496746
+1198911786
+1909443370
+854155594
+1656527645
W
R
+303238858
+922883852
+535297508
+1526446286
+1209597698
+1200977805
+1054873513
+429857344
W
R
+1642949730
+753554421
+127340947
+1554430207
+693550658
+1818984200
+619480878
+1856374729
W
R
+899334107
+2021424758
+2139842053
+722633179
+804046007
+1025042772
+53476175
+1397489210
W
R
+1121241302
+1402505904
+1080502308
+172669440
+1164465626
+1934657902
+1829197086
+1467704485
W
R
+710058106
+217010946
+846667123
+1919655804
+1417988751
+1901540637
+202029501
+913454833
W
R
+507611410
+329370448
+320401392
+1201162069
+871000
+939882271
+910053150
+900205108
W
R
+813823381
+902411556
+1622838287
+1617869388
+1927454328
+1676314462
+867874951
+901211983
W
R
+931336718
+1948377259
+1073881423
+2095802345
+1735551514
+755594861
+1416023182
+298125972
W
R
+972605807
+115206657
+70298129
+243110911
+2016747294
+272327630
+1156565744
+376875057
W
R
+601698078
+1476967137
+1578037126
+602569078
+269365760
+340606628
+1502774186
+1083189141
W
R
+1243018184
+978128825
+553574882
+1022988865
+506959639
+1421449833
+1924200848
+1438296358
W
R
+1222343444
+850598623
+1386615055
+810411310
+1606193485
+655154589
+1108537283
+431315644
W
