R
+1702022939
+1850612763
+1316505735
+950881304
+1221389873
+1173002606
+1142930164
+2133584523
W
R
+127052251
+64564349
+928682751
+689442530
+2089816339
+1114646704
+1316953165
+1551291986
W
R
+2132688302
+1017565625
+1131761079
+1076919591
+234262547
+266222407
+99568484
+609707131
W
R
+107939561
+44804919
+1029621931
+838139053
+1199420528
+1339388427
+1295815494
+753959819
W
R
+1042517543
+464837581
+1704841123
+116423768
+1637840187
+700287639
+102524643
+1764892438
W
R
+764851988
+1031207394
+306851320
+707184680
+2145854098
+1623804486
+110993018
+2131058752
W
R
+493886463
+1242754098
+1060494695
+728149010
+1508976505
+1160063179
+1337856142
+1616916066
W
R
+1204868098
+219994425
+307571472
+256804978
+1559382853
+1603386966
+1010764797
+454416748
W
R
+2068224547
+568122272
+570840516
+1558581086
+1268409912
+673365159
+1175989877
+2033261900
W
R
+1704572553
+1482841197
+592962932
+1702943003
+959162035
+703955951
+1686518107
+1453048498
W
R
+1946710049
+599529154
+33713861
+1308202906
+1759592334
+1371570003
+777635325
+816976784
W
R
+1591564428
+1085206797
+1073781763
+1003463633
+541110115
+2084546560
+1457880381
+461851014
W
R
+505185185
+2028720897
+2020432100
+1773595097
+554602408
+1048938329
+1659373349
+111691313
W
R
+384295879
+104852634
+1814634316
+1343457914
+808808585
+1353668775
+649022765
+608034986
W
R
+1953197930
+682736626
+1916237892
+1565306616
+2054306629
+546389569
+234799752
+1498387409
W
R
+1631596366
+1308581515
+354367395
+25222833
+1245644428
+1812247776
+487073847
+1750829613
W
R
+1693485026
+360022300
+1376941062
+100603786
+1408960629
+888830763
+212295100
+1793256508
W
R
+993683397
+2026929416
+989230775
+1802491982
+1233114544
+1638253540
+263043320
+1038828826
W
R
+173506518
+31797565
+456651794
+80329499
+578187134
+691451546
+1578716908
+62299853
W
R
+2000033062
+1933084303
+87522686
+1098193842
+1597848432
+574596534
+701539807
+1143849810
W
R
+934618834
+2078480869
+1244453596
+196095815
+819827984
+1456748696
+1989352324
+1813511382
W
R
+1336194465
+831099451
+1468519716
+421825361
+321869343
+1731563037
+1460654187
+495375861
W
R
+1763360602
+1917305981
+575705360
+194064088
+461273879
+6938620
+256363941
+313823293
W
R
+1940022924
+343886628
+1412017135
+1390387708
+918483162
+2113556942
+386753870
+1853101996
W
R
+2044554163
+1631207466
+2049197811
+716898500
+940472515
+1891066487
+382926234
+129183332
W
R
+574682290
+1851445950
+551008693
+896551633
+1435525339
+2011662880
+1391927494
+1051402293
W
R
+1781485213
+1967632854
+1245466382
+95275444
+1974571475
+1501830323
+409098738
+1767110751
W
R
+1845716951
+1821115873
+1010014811
+616716465
+1787189168
+1396768681
+322334813
+1684259683
W
R
+880492499
+224048977
+253674535
+1820965014
+2115115464
+636600769
+1950148346
+542314107
W
R
+340563072
+353673391
+1438865740
+1776088411
+217852623
+683309587
+680007057
+1999337836
W
R
+503458793
+1925473439
+2094613281
+330546620
+1279820114
+356228371
+2097657371
+978053418
W
R
+29860596
+960188534
+1594769883
+1817049764
+209473567
+1917104697
+1353825800
+1089966067
W
R
+2141153674
+1607500335
+763447433
+2108785490
+96617457
+566112132
+503615949
+437180529
W
R
+919785523
+1942481690
+65785292
+1137638147
+478307629
+745792349
+989492335
+981766422
W
R
+523782140
+936621968
+1312313043
+1803602255
+1292850339
+1262486766
+634172025
+1322710936
W
R
+75191653
+81458260
+992277052
+284665220
+1998562957
+198619204
+1374631287
+1992232983
W
R
+1806119540
+2138078721
+1953534826
+1902736997
+556707205
+309667127
+192433878
+1476492728
W
R
+104665169
+258219170
+466647227
+582972798
+1004011520
+1456139563
+1564739221
+1527793660
W
R
+245277883
+729568616
+1183912267
+1538128223
+1992055382
+1818084292
+713355511
+2067247035
W
R
+1899542553
+1705632563
+204428608
+1750621862
+1904251768
+1579059895
+1595371198
+1562887660
W
R
+1569654968
+1401422376
+1318141009
+2126362173
+1711089503
+1510574887
+1455371254
+1815754673
W
R
+1768794057
+1922018481
+251243823
+625321929
+1230674396
+1815983044
+5631942
+1475952280
W
R
+398068012
+1189544209
+866596855
+242639747
+860144854
+1579952366
+162403134
+612203759
W
R
+1138101281
+366831742
+215341973
+894869401
+1945891638
+1810713171
+310273413
+1368062958
W
R
+1064651899
+1628414422
+1346941484
+628257755
+991505661
+654829090
+296528780
+612816071
W
R
+429363923
+547772603
+1238138000
+1660038320
+216272000
+1243769942
+988506952
+614340012
W
R
+285830504
+1855103807
+856979759
+1145975358
+1287572525
+1019382894
+1758179117
+278190158
W
R
+1386214636
+1973521090
+1173059560
+1184622626
+1636750614
+1483332973
+405201937
+553918865
W
R
+964263748
+1752143421
+1182176620
+1955769409
+259488863
+1478705400
+421101832
+688852786
W
R
+2026478004
+1659239833
+201407458
+95266356
+755526127
+1189914410
+709606368
+1041356631
W
R
+897534569
+1566586128
+39848341
+37623446
+438485374
+1798027458
+315813605
+1824700010
W
R
+1624064901
+1488873165
+861838989
+1113331867
+824722490
+1267040926
+1667250732
+1788986238
W
R
+871700699
+701943705
+1597272000
+1131189562
+33165457
+2018373832
+1820042348
+2059643461
W
R
+1530130017
+2021449807
+7426169
+138172497
+1063880569
+717032538
+1179529128
+1961415139
W
R
+136135018
+1219377470
+1999038585
+574620392
+869921280
+167368542
+251836754
+346502533
W
R
+1656241707
+1113675743
+1459834400
+333480550
+233233021
+979601485
+2122466788
+1104933720
W
R
+1681545190
+1572255140
+88639634
+1714710647
+1443145325
+1908681983
+1626870461
+825791694
W
R
+1782648142
+1634296630
+963964191
+699045063
+203845520
+2143493320
+512976554
+339980538
W
R
+1215387142
+364531492
+914600930
+2085308422
+531900034
+1166437685
+284327308
+40658094
W
R
+132629780
+1744161708
+374138644
+365862802
+576279545
+349121784
+1470796522
+110341087
W
