R
+402903177
+1329202900
+1503885238
+1219407971
+2416949
+12260289
+655495367
+561717988
W
R
+1407392292
+1841585795
+389040743
+733053144
+1433102829
+1887658390
+1402961682
+672655340
W
R
+1900553541
+400000569
+337453826
+1081174232
+1780172261
+1450956042
+1941690360
+410409117
W
R
+847228023
+1516266761
+1866000081
+1175526309
+1586903190
+2002495425
+500618996
+1989806367
W
R
+1184214677
+2004504234
+1061730690
+1186631626
+2016764524
+1717226057
+1748349614
+1276673168
W
R
+1411328205
+2137390358
+2009726312
+696947386
+1877565100
+1265204346
+1369602726
+1630634994
W
R
+1665204916
+1707056552
+564325578
+1297893529
+1010528946
+358532290
+1708302647
+1857756970
W
R
+1874799051
+1426819080
+885799631
+1314218593
+1281830857
+1386418627
+1156541312
+318561886
W
R
+1243439214
+70788355
+1505193512
+1112720090
+1788014412
+1106059479
+241909610
+1051858969
W
R
+1095966189
+104152274
+1748806355
+826047641
+1369356620
+970925433
+309198987
+887077888
W
R
+530498338
+873524566
+37487770
+1541027284
+1232056856
+1745790417
+1251300606
+959372260
W
R
+1025125849
+2137100237
+126107205
+159473059
+1376035217
+1282648518
+478034945
+471990783
W
R
+1353436873
+1983228458
+1584710873
+993967637
+941804289
+1826620483
+2045826607
+2037770478
W
R
+1930772757
+1647149314
+716334471
+1152645729
+470591100
+1025533459
+2039723618
+1001089438
W
R
+1899058025
+2077211388
+394633074
+983631233
+1675518157
+1645933681
+1943003493
+553160358
W
R
+1635550270
+2069110699
+712633417
+864101839
+1204275569
+1190668363
+1336092622
+410228794
W
R
+1026413173
+773319847
+1404196431
+1968217462
+452456682
+1302539390
+1858504292
+235745791
W
R
+802205057
+427355115
+1388391521
+1272796157
+1452888574
+1280631491
+126401947
+1204462951
W
R
+1210359231
+521035021
+40610537
+738393740
+19485054
+1983614030
+1291554098
+1655035325
W
R
+1905241081
+2004187516
+371653516
+962033002
+1047372231
+1707746139
+1372261796
+2073785404
W
R
+333582338
+628974580
+1894519218
+786039021
+1931513970
+1605539862
+1021784812
+586235379
W
R
+2032894977
+262692685
+1859031536
+1338299904
+1543324176
+1985433483
+395279207
+606199759
W
R
+358984857
+435889744
+1344593499
+378469911
+272020127
+488663950
+2033505236
+29777560
W
R
+345367818
+257675105
+991810563
+1392740049
+1965421244
+216588711
+1319041805
+151519934
W
R
+845563291
+1066077375
+937558955
+629593614
+524133589
+1959343768
+1215828993
+409544918
W
R
+74552805
+927376882
+1747844822
+1617876982
+765326717
+2143124030
+76593093
+1124311574
W
R
+431530126
+1421186593
+1502781486
+703550253
+1909850543
+1388803074
+733327814
+107734713
W
R
+1646478179
+1725138377
+1500474762
+1464415775
+1941727088
+672032919
+1615935710
+639806732
W
R
+1738110294
+406011017
+1269400346
+114760235
+217871137
+337745691
+524305153
+292423943
W
R
+1265122573
+124666328
+1910300925
+2030449291
+120306710
+1986894018
+1007277217
+551836836
W
R
+1260596963
+362575055
+1255387090
+1022963858
+1751378130
+1988714904
+1130698571
+1250372661
W
R
+1566369633
+483689685
+567304789
+1360613073
+1155722604
+35756851
+2000419805
+746349250
W
R
+441767868
+1122336503
+861109485
+659639006
+1460082195
+1385414639
+952062949
+577721120
W
R
+1510080967
+714880226
+460686763
+1630387677
+554290596
+1467963981
+34740865
+1814887560
W
R
+1830539036
+1290127955
+690367770
+1434433518
+1131359211
+1821066342
+537322532
+550245196
W
R
+157272379
+1104627321
+1910858270
+1312994984
+1140384172
+1763794427
+2059344234
+1582152040
W
R
+738647283
+772970072
+94307398
+51245830
+10901063
+1046370347
+628966950
+1520982030
W
R
+1761250573
+1089653714
+1003886059
+168057522
+410134047
+1038626924
+1982945082
+93189435
W
R
+181271232
+525829204
+1527622954
+1312630443
+199411898
+2064945486
+1862875640
+356684278
W
R
+1022089159
+1626250262
+1669679262
+14989683
+1242561041
+1581539848
+1597141723
+1981208324
W
R
+207026272
+1691449122
+2032454154
+217927335
+590335821
+513937457
+1738909365
+204102747
W
R
+1603591171
+595311776
+372160269
+2013725218
+1633938701
+207621703
+2106914653
+1815209933
W
R
+733450907
+1487053959
+980356728
+932862806
+1404515797
+695748720
+1289547084
+279121308
W
R
+174515334
+811742698
+294110991
+1417076376
+245798898
+1891252715
+1250801052
+452825171
W
R
+1435218189
+1135771559
+670752506
+2025554010
+1649709016
+262178224
+82173109
+1105816539
W
R
+857490000
+454333378
+972058109
+343945053
+661955081
+931489114
+11671338
+1395405989
W
R
+271059426
+992028067
+180785147
+1675575223
+1687776787
+1470332231
+1954696532
+1862292122
W
R
+134591281
+101323875
+1131884850
+380390179
+1992576590
+235202254
+833215350
+1280311131
W
R
+1370973813
+1503967857
+1158381494
+873199181
+1766146081
+1240554603
+1979015720
+476152433
W
R
+1694887982
+803590181
+820097487
+209359415
+1735079296
+831768825
+1604765404
+2006138722
W
R
+1823796892
+1785550551
+1534230297
+1364090032
+1108399134
+1341443181
+1078898506
+1242990415
W
R
+1442767057
+63299708
+1623380595
+1287859999
+298501962
+309112297
+420687483
+1669475776
W
R
+1813080154
+1579068977
+395191309
+1431742587
+672139932
+226723382
+1907895021
+219544266
W
R
+1030313563
+580508860
+428903682
+617909211
+1412277685
+2033669086
+476564285
+1088590930
W
R
+1671735990
+2010794583
+305197314
+632651476
+1204754116
+1384095820
+1875641892
+500037525
W
R
+1447395528
+1351538839
+1787897525
+1745897490
+1660651136
+61101360
+1267889618
+1326247643
W
R
+1640170337
+1663080928
+610506582
+164826621
+1889804310
+370917955
+384370888
+772634225
W
R
+951426815
+813274570
+1390543437
+216220853
+699460008
+1867107722
+1304811783
+223712350
W
R
+1730418657
+1610009097
+856363827
+787689126
+846621269
+584522071
+1287726651
+146533149
W
R
+1936060910
+928140528
+1892430639
+1449228398
+989241888
+1012836610
+627992393
+481928577
W
