R
+774404628
+1983827549
+1981393799
+1072190528
+1447680589
+1229939013
+358279876
+1682367563
W
R
+680503766
+1896073990
+954296984
+1408347194
+698374759
+1595747036
+1654435776
+1975886384
W
R
+1560307071
+2077837209
+1063641238
+607382700
+644834684
+220510539
+620529490
+752064835
W
R
+1129707775
+1741160450
+1943679781
+1106211926
+327305250
+435482362
+1362243428
+1101709878
W
R
+271826264
+1196153579
+26416758
+1719506853
+278608944
+384696634
+1254390769
+959112711
W
R
+133286977
+61204105
+219976257
+831661736
+1656951142
+1874412034
+660064472
+1069774565
W
R
+1804765595
+1723705710
+1677157265
+302116632
+1944216249
+150203107
+1054181467
+926440376
W
R
+1891363558
+850377601
+2032652302
+71185160
+1285859963
+1247412082
+1172895038
+1557686227
W
R
+296082014
+1199311796
+1129709433
+574690958
+1584008430
+236616554
+1533803669
+1717295407
W
R
+297820659
+1753779927
+401473495
+1954771801
+1480708313
+1061537967
+877062718
+1137990260
W
R
+637760029
+406736335
+1440106892
+434492631
+556939443
+346804712
+1360933007
+300819353
W
R
+1197182313
+1246101662
+372004513
+335558628
+346030096
+1544899551
+1893244856
+642112110
W
R
+596727699
+875470641
+1216803069
+33252481
+1112087195
+603123090
+1750547889
+1409907854
W
R
+209419369
+4537736
+1217196008
+1690127682
+1066075704
+2094258726
+680634295
+1703835733
W
R
+353511414
+2120741187
+2138328364
+910450857
+320062251
+1351777724
+1211270210
+1517244564
W
R
+450395738
+1583274723
+1852803193
+796425834
+980690626
+1598564401
+1438537945
+1577418325
W
R
+326551394
+507857366
+1610670806
+1438638589
+1110980456
+1213735047
+701062795
+1320399826
W
R
+1218272784
+1918258803
+863043860
+136864840
+1865033882
+1543678155
+1840700573
+71061648
W
R
+1516935695
+1831545290
+981512505
+1836997946
+1035839366
+45299067
+1206758863
+1486235104
W
R
+1628573790
+912078408
+135177290
+461780768
+363159161
+1573715235
+2039199093
+689710555
W
R
+2081572601
+1502386251
+2128349144
+1045069410
+568637651
+681928291
+217985588
+1786910435
W
R
+452703447
+1081029448
+1923775275
+170253681
+477223956
+1616992200
+241315329
+1994159651
W
R
+1301053842
+1222827834
+1683673949
+189409560
+1268126901
+742949164
+1675644664
+749217043
W
R
+1655027572
+1810821955
+1210997811
+2018186733
+1237053542
+1102713256
+560413640
+1171142496
W
R
+457615859
+541279136
+68728258
+1026253510
+1223207428
+286713846
+665680297
+1675910875
W
R
+1367743294
+441971924
+1846164556
+1844967250
+2058964125
+2087479885
+1691643253
+1212534319
W
R
+1162824071
+1227833555
+1401943880
+283467324
+1970782719
+930104896
+1032684367
+1478326644
W
R
+593443203
+96198530
+1349029729
+1830496746
+1198911786
+1909443370
+854155594
+1656527645
W
R
+303238858
+922883852
+535297508
+1526446286
+1209597698
+1200977805
+1054873513
+429857344
W
R
+1642949730
+753554421
+127340947
+1554430207
+693550658
+1818984200
+619480878
+1856374729
W
R
+899334107
+2021424758
+2139842053
+722633179
+804046007
+1025042772
+53476175
+1397489210
W
R
+1121241302
+1402505904
+1080502308
+172669440
+1164465626
+1934657902
+1829197086
+1467704485
W
R
+710058106
+217010946
+846667123
+1919655804
+1417988751
+1901540637
+202029501
+913454833
W
R
+507611410
+329370448
+320401392
+1201162069
+871000
+939882271
+910053150
+900205108
W
R
+813823381
+902411556
+1622838287
+1617869388
+1927454328
+1676314462
+867874951
+901211983
W
R
+931336718
+1948377259
+1073881423
+2095802345
+1735551514
+755594861
+1416023182
+298125972
W
R
+972605807
+115206657
+70298129
+243110911
+2016747294
+272327630
+1156565744
+376875057
W
R
+601698078
+1476967137
+1578037126
+602569078
+269365760
+340606628
+1502774186
+1083189141
W
R
+1243018184
+978128825
+553574882
+1022988865
+506959639
+1421449833
+1924200848
+1438296358
W
R
+1222343444
+850598623
+1386615055
+810411310
+1606193485
+655154589
+1108537283
+431315644
W
R
+770361246
+1178835412
+674426555
+639624893
+1451163042
+1830992300
+1016499950
+2052861120
W
R
+1160475789
+447053428
+507946550
+1429841549
+787660056
+2010720737
+365547042
+2030678241
W
R
+841365914
+919121924
+906183458
+1348325554
+193088109
+682900658
+639138264
+1415431554
W
R
+1533499281
+2025753319
+78359216
+992209118
+533424260
+1186896499
+1423524763
+1303785506
W
R
+218248263
+2097951318
+1943410399
+1669411305
+1781459970
+812426701
+1574788777
+794452111
W
R
+1259480129
+2082735328
+76810012
+2047140186
+1945972417
+442357055
+1930334779
+639854683
W
R
+1361478979
+689034589
+1988180237
+1554567089
+1371935247
+479834853
+822514995
+757950880
W
R
+358104524
+900874211
+1750159999
+891528784
+2087770711
+1026201114
+47830643
+158535326
W
R
+976668784
+1991241042
+1827946632
+610645107
+656184096
+1255251761
+1405097218
+1915664225
W
R
+1190503441
+1481907231
+1815320763
+988992210
+1924264286
+1598171894
+1628846894
+1138259617
W
R
+139722835
+1469543483
+545343058
+1511658082
+1949378337
+1367858053
+122125315
+159999213
W
R
+121248617
+1872285314
+1051527998
+61535680
+751002780
+1099358641
+220071006
+1727671564
W
R
+943116035
+2048017638
+190833023
+1599300131
+1155785752
+1595930242
+1367480709
+198805545
W
R
+930353825
+1035317824
+1187797756
+707134463
+486006071
+669161002
+1845394080
+625728906
W
R
+2138704485
+243253491
+2137386989
+1940599174
+1611111544
+112028656
+2100598388
+1732360161
W
R
+1984313970
+1004642738
+1793895841
+587833102
+2104001379
+2013966848
+168021018
+899633766
W
R
+1914500838
+358854042
+351450250
+922802942
+1954784284
+1718930959
+1121608488
+737654461
W
R
+606765135
+161922596
+1444788924
+1092771206
+831083598
+1142699356
+1718500113
+822304435
W
R
+1385952847
+1708403454
+615419962
+849580744
+1820432110
+568534702
+434457257
+1657262432
W
R
+1573177440
+80869451
+97611886
+1529695171
+2094836299
+265632904
+281845289
+1861853489
W
R
+624486946
+633295539
+637172784
+431787582
+204742850
+1758781272
+1169442043
+811507986
W
R
+1920703868
+466747319
+1904279192
+604303818
+1609446676
+1475295657
+1426608253
+847915875
W
R
+1036215463
+2042028215
+1697496619
+709163925
+463079269
+2131953877
+218942709
+2036256709
W
R
+65339680
+316554595
+1418468232
+12692331
+582187500
+1700313522
+1874545820
+1206674446
W
R
+186125413
+364234956
+1638462029
+390868264
+2123016228
+660420424
+1202376250
+1896236448
W
R
+1127167744
+959171794
+353056618
+589130772
+286983804
+1779664872
+1437046647
+1323199267
W
R
+1674209439
+987059619
+2032363193
+2137288709
+971529848
+103822254
+2026061770
+1036869528
W
R
+420376850
+1297046355
+1049561859
+1002564350
+849876229
+776624031
+61755148
+1036001642
W
R
+1140858988
+1700217177
+1426869906
+1116391568
+213153954
+481762508
+865144369
+1340321698
W
R
+1440934303
+1218200987
+1929452470
+1727918107
+850382211
+1219015469
+903633726
+377108003
W
R
+58591440
+788513271
+366913064
+1030121288
+892335526
+245491186
+2066990816
+1312712376
W
R
+1542537541
+969069027
+167793078
+244930122
+1745693059
+229548226
+1280931765
+739068399
W
R
+1929765404
+560318023
+1855459967
+2142919358
+1042080532
+573120688
+1335757408
+335531187
W
R
+1791321676
+1117726230
+2063449294
+494220239
+189258051
+819599372
+871328242
+247849492
W
R
+1608112644
+1238241306
+1277970780
+352964522
+1483732493
+1197477949
+1665676898
+878786386
W
R
+19063328
+1833469976
+1123716509
+1764756387
+2063018202
+257164626
+356341138
+1845299958
W
R
+817482649
+64317458
+1840735668
+1859563181
+637438146
+1029009428
+47610720
+281276174
W
R
+2146735658
+2111060014
+775496414
+188510062
+783175739
+1646824656
+436359554
+243804735
W
R
+737582315
+1714330334
+596769257
+73831160
+764324635
+114962507
+952617546
+783387964
W
R
+1948432483
+2076334055
+400660703
+1863967037
+186015033
+757001842
+1561783348
+1003497683
W
R
+821319300
+1255035368
+715577216
+1458757446
+136561149
+763187937
+1740033621
+135813159
W
R
+726764303
+368046387
+324323221
+1509940042
+2014871043
+760682775
+1753744777
+604969710
W
R
+327529462
+203030386
+678800870
+1091854097
+317992893
+1631418417
+1875242061
+118941728
W
R
+1560268824
+128419117
+1982908766
+1746283858
+885420959
+1397208466
+602297893
+1706740259
W
R
+504760186
+1317875109
+1018014057
+641321335
+2081063046
+610564030
+777134495
+660343702
W
R
+978610417
+1101457716
+22800096
+845997813
+1862140492
+1776544874
+1450967523
+42186306
W
R
+1979575260
+2129768394
+1134040403
+150084506
+1613703163
+861798817
+269026234
+1026488339
W
R
+990217934
+104451352
+625288549
+1875638893
+1501659818
+1227586442
+1434895504
+2006420005
W
R
+397977904
+305425913
+500257692
+331557302
+915989944
+1277392187
+991901004
+1894600361
W
R
+231366256
+1014701101
+593114526
+2093506748
+643762327
+2044082050
+2135693054
+475853939
W
R
+2026366796
+1122249809
+625938445
+1492586311
+1984048626
+894964680
+371591002
+826782912
W
R
+999416032
+996879552
+554938157
+353592203
+76982346
+1989833661
+212528560
+474960250
W
R
+147775927
+712786252
+806517553
+1063765871
+1990178440
+1798418557
+810882584
+74061048
W
R
+665636010
+1403997111
+20084148
+1309398337
+1300595513
+8293554
+1785252277
+1179478661
W
R
+1130543363
+263707074
+524581324
+967108342
+1158671754
+896172326
+1793891254
+10604139
W
R
+1893051878
+201345764
+364196342
+1970034225
+43695777
+576724902
+297510827
+191471704
W
R
+1289511154
+1104028380
+1255237575
+1132205946
+754963290
+2066120160
+1206266994
+1420599300
W
R
+1322633623
+1226351142
+582513990
+475745488
+1234644696
+220282619
+1655224149
+217704412
W
R
+483989693
+32321825
+1184812754
+1642661448
+928494151
+831220360
+1653265587
+674062382
W
R
+1032566124
+2017461929
+496612959
+1076261902
+446703183
+794123786
+1267733606
+1736214337
W
