R
+207026272
+1691449122
+2032454154
+217927335
+590335821
+513937457
+1738909365
+204102747
W
R
+1603591171
+595311776
+372160269
+2013725218
+1633938701
+207621703
+2106914653
+1815209933
W
R
+733450907
+1487053959
+980356728
+932862806
+1404515797
+695748720
+1289547084
+279121308
W
R
+174515334
+811742698
+294110991
+1417076376
+245798898
+1891252715
+1250801052
+452825171
W
R
+1435218189
+1135771559
+670752506
+2025554010
+1649709016
+262178224
+82173109
+1105816539
W
R
+857490000
+454333378
+972058109
+343945053
+661955081
+931489114
+11671338
+1395405989
W
R
+271059426
+992028067
+180785147
+1675575223
+1687776787
+1470332231
+1954696532
+1862292122
W
R
+134591281
+101323875
+1131884850
+380390179
+1992576590
+235202254
+833215350
+1280311131
W
R
+1370973813
+1503967857
+1158381494
+873199181
+1766146081
+1240554603
+1979015720
+476152433
W
R
+1694887982
+803590181
+820097487
+209359415
+1735079296
+831768825
+1604765404
+2006138722
W
R
+1823796892
+1785550551
+1534230297
+1364090032
+1108399134
+1341443181
+1078898506
+1242990415
W
R
+1442767057
+63299708
+1623380595
+1287859999
+298501962
+309112297
+420687483
+1669475776
W
R
+1813080154
+1579068977
+395191309
+1431742587
+672139932
+226723382
+1907895021
+219544266
W
R
+1030313563
+580508860
+428903682
+617909211
+1412277685
+2033669086
+476564285
+1088590930
W
R
+1671735990
+2010794583
+305197314
+632651476
+1204754116
+1384095820
+1875641892
+500037525
W
R
+1447395528
+1351538839
+1787897525
+1745897490
+1660651136
+61101360
+1267889618
+1326247643
W
R
+1640170337
+1663080928
+610506582
+164826621
+1889804310
+370917955
+384370888
+772634225
W
R
+951426815
+813274570
+1390543437
+216220853
+699460008
+1867107722
+1304811783
+223712350
W
R
+1730418657
+1610009097
+856363827
+787689126
+846621269
+584522071
+1287726651
+146533149
W
R
+1936060910
+928140528
+1892430639
+1449228398
+989241888
+1012836610
+627992393
+481928577
W
R
+528433890
+1238498976
+646755199
+270754552
+1609416931
+1031126087
+1043388777
+413360099
W
R
+1844400657
+286448566
+629580952
+396377017
+6072641
+1934392735
+620089368
+1736491298
W
R
+1396918184
+1476453195
+376696776
+96055805
+2060975266
+1664423428
+242588954
+1849552528
W
R
+445080308
+2135019593
+1151297278
+1434322197
+1000372555
+1779289672
+1916250774
+1528806445
W
R
+870305000
+415522325
+1799560997
+332238283
+1446648412
+695466127
+745598382
+1143565421
W
R
+981914693
+1375179334
+1539942439
+987987334
+1162088421
+12548159
+576994985
+411522957
W
R
+1489001354
+953691761
+507578762
+1402492972
+470631541
+750167716
+1104561852
+915711850
W
R
+737703662
+108375482
+202550399
+1738076217
+1887665154
+2118801173
+1119399015
+610486506
W
R
+386839851
+771476364
+942724790
+1833488263
+1466942491
+1688323172
+829570037
+301373537
W
R
+916018859
+222028828
+1289360871
+2078107280
+234576987
+1866355856
+342146590
+1723578341
W
R
+672563970
+849725352
+978587665
+1143195511
+1599893069
+2083149517
+2058907361
+190113083
W
R
+44041351
+113974112
+1928189300
+1931706506
+85291638
+900104667
+394709364
+472131489
W
R
+1671581032
+1337434154
+158136104
+991039875
+878273679
+987706141
+1292413412
+1794292538
W
R
+1209734969
+434290636
+1724916170
+1444311956
+153162844
+2067062760
+1020406649
+825726814
W
R
+769304465
+1998994314
+1968922326
+221713886
+1934660183
+1880346039
+411826969
+1978701535
W
R
+1994320152
+192532621
+1762924393
+2079611790
+1092637289
+10150109
+404259631
+616734673
W
R
+1347584264
+562395735
+1607774548
+78374295
+1550101877
+752704313
+1872666833
+612353198
W
R
+1186994949
+1450099355
+2056665155
+1340157793
+1369678468
+929588156
+18400960
+2138982933
W
R
+781098823
+1987323286
+213213171
+568275358
+1720185677
+625040140
+399493245
+1567022181
W
R
+817572761
+14933990
+1499150323
+1910210050
+25084100
+1903409954
+379461075
+1372668364
W
R
+318322042
+1987235624
+1451042659
+1868423919
+592456289
+1176225844
+333293469
+1779451238
W
R
+478841551
+242474976
+972125383
+1848520019
+1172063133
+990526343
+1840019304
+1953161956
W
R
+830365981
+2053232475
+373953666
+403068011
+530788967
+773446912
+1970090192
+1348361729
W
R
+788380902
+1321756868
+1111088131
+813465002
+1077683174
+1490549207
+38649718
+1396005216
W
R
+1330301183
+1489692377
+1116945487
+1922757472
+518434573
+1450238957
+1554725062
+997276125
W
R
+1692713933
+379366797
+698312496
+717293418
+1369893141
+390848153
+522971726
+52775474
W
R
+296596980
+896925393
+455843485
+827385948
+1670372305
+278450030
+28264029
+311269559
W
R
+1600206898
+1139352160
+1124734562
+530406424
+482417719
+1163384280
+1926411641
+1812718902
W
R
+505593010
+895873480
+1587992726
+1024027583
+198628789
+995234140
+2021303708
+1891342723
W
R
+1374600938
+572132557
+461152493
+597010431
+962980710
+984124220
+649785905
+1259577690
W
R
+1881049613
+1105629391
+2086963638
+1403938270
+1384079421
+2115227667
+1715207829
+836802671
W
R
+1107096180
+692458743
+1367209095
+1589513899
+1855843024
+1146137088
+1254749154
+213952386
W
R
+2042010569
+695258232
+1237979969
+93155710
+1690492373
+1111800030
+1984498433
+917609663
W
R
+1683932587
+298167279
+1514620094
+499429649
+1282291499
+16922351
+1759007339
+1015857464
W
R
+1122551742
+1698487330
+272312086
+359147515
+1666231349
+1987519915
+1195950186
+625843881
W
R
+532495011
+415675634
+67874133
+240854387
+1561812722
+1322623287
+454806773
+1456339643
W
R
+2017881519
+1692786742
+1549495354
+1560890244
+657103124
+1386510139
+331016259
+193552063
W
R
+1684677418
+1845636353
+692981712
+819485269
+1862558705
+304505404
+1835342733
+837626799
W
R
+2002992734
+2107654819
+1196774315
+1521740435
+1947691087
+245240853
+100669
+332702450
W
R
+660916487
+67974802
+573556837
+75245562
+1390598089
+1028363610
+1531585205
+1260995960
W
