R
+1898152167
+375487534
+720936636
+505631809
+294124046
+1927203630
+1926231109
+1616757669
W
R
+1006071125
+361261451
+2092503157
+93232173
+581544070
+1600243658
+310936585
+1065533764
W
R
+1632565483
+1495749339
+560711564
+413575986
+179486052
+66493503
+1087638368
+1212052176
W
R
+2083955432
+1584251327
+140830430
+383174967
+230891466
+1408564037
+2119389304
+2129043633
W
R
+1784051571
+692842292
+487191794
+2078175617
+472562275
+265939255
+1547449638
+1478633400
W
R
+627200707
+1492469147
+1571865573
+1208744777
+945229157
+1882802159
+126794893
+430310992
W
R
+1231067850
+687506457
+843886978
+1410553902
+753999960
+1931525347
+475122431
+690471744
W
R
+1368293026
+615952861
+1073646711
+1599184492
+2024516898
+1045552368
+1580744477
+1661084821
W
R
+1738394660
+2067936271
+1591776790
+63473287
+186391879
+991742780
+1542106687
+813592586
W
R
+336728279
+966488613
+2022337363
+1281957436
+701807124
+1648609
+1712268428
+1932874974
W
R
+689155066
+408671759
+1195945229
+1443155027
+192713458
+1671067660
+2133626771
+1561006484
W
R
+139536873
+1059789835
+1012707329
+16570124
+2105342203
+445968158
+1677654945
+1696253215
W
R
+366420782
+1121948088
+1759726503
+552812661
+2113690868
+1154349542
+1366405247
+302935500
W
R
+2120838155
+1241258962
+1584892936
+675161631
+1242907571
+1149677717
+460552958
+1932062638
W
R
+1558349476
+1656498187
+1227734017
+1751062934
+1180082199
+1213877140
+1164585770
+1319619072
W
R
+126183327
+29809451
+1336189196
+84041882
+475777610
+866360494
+1780295098
+842198392
W
R
+1988308582
+1392537953
+1395011053
+1954515802
+399403847
+613932652
+109967654
+372758355
W
R
+1855191614
+1694860591
+1047919986
+950615538
+697054660
+1508472944
+735194528
+107920488
W
R
+1017487483
+1962928545
+1858983422
+50086034
+1029322037
+876085544
+1369705107
+1155505365
W
R
+905894996
+558410655
+1239547247
+1381672606
+1424771149
+872358697
+76387350
+1265596083
W
R
+117413002
+1471398403
+1072628238
+516816850
+2085331055
+1182595892
+889575205
+1793039021
W
R
+729972835
+1937495191
+596170911
+1427027495
+1298484488
+1331365439
+1534947983
+168488323
W
R
+1146810336
+1246447757
+218574358
+28648726
+2122533302
+1588279465
+1184154091
+880944650
W
R
+2146690120
+276217690
+115133608
+1423977622
+1148576388
+191520958
+542090057
+1265989390
W
R
+1662919361
+1614718295
+1782806240
+1600766768
+649830540
+524897797
+1246322141
+1379803375
W
R
+314909341
+1842493053
+659347223
+1613393829
+1026374844
+46811558
+1781882152
+25701533
W
R
+1293259316
+2000456510
+54350259
+1268308970
+1441252327
+1238504350
+1769972
+1440458800
W
R
+1514722040
+116903580
+716952774
+515814780
+308424538
+1259042831
+1781804171
+1971343899
W
R
+726277479
+1417126763
+1424627019
+1376108019
+1942024561
+523465512
+608427746
+109450254
W
R
+218474917
+1267774969
+1722844083
+1244849762
+1314586528
+1357242587
+1270551295
+460362196
W
R
+1210215450
+1324901554
+1728671166
+503984129
+415922256
+1730441138
+1944442929
+1930644296
W
R
+1847344718
+513912055
+298975429
+8285608
+1772954887
+2080779600
+1979629507
+351748718
W
R
+1350422715
+1256772878
+1727856737
+1144963628
+1780238390
+188800835
+1254413882
+1998713308
W
R
+1456575805
+829774317
+1096079422
+623678685
+39533257
+219147069
+1084040881
+1249748707
W
R
+1544048623
+665228399
+1753732836
+1959970879
+248185889
+1550692118
+1743131527
+2095530607
W
R
+2064604173
+2042106956
+2103816215
+1690075412
+1975402908
+1935962074
+2041824130
+1178341976
W
R
+1045251304
+1622197219
+175821956
+678006046
+1810998055
+1430235839
+529235706
+1120090212
W
R
+112526508
+1625315128
+1743768897
+152059765
+1844462197
+680326130
+1401808472
+1241027172
W
R
+1345554529
+1008057661
+1053514403
+1593740418
+411266131
+649162283
+1541787377
+328386656
W
R
+543785591
+1498119944
+2018462069
+371704852
+1286598370
+1912802551
+1550046828
+184366026
W
R
+1387516123
+1725868784
+862372072
+1051030530
+1008620975
+1391607779
+23637094
+1121147484
W
R
+869439259
+1767405991
+1273207249
+566417809
+300248473
+527532074
+1807444981
+1645803002
W
R
+1535589735
+713475737
+1092059772
+1946855866
+1362638020
+486363501
+127758874
+1906423611
W
R
+1984483445
+2146220943
+130644815
+1123598167
+1911539847
+1680691643
+1307964193
+1151572322
W
R
+1259076780
+22852617
+55119204
+120214107
+1414460396
+78756298
+1241361591
+136416008
W
R
+1846162289
+367085193
+702833817
+2146410762
+894617267
+362795150
+1644730116
+282723354
W
R
+1076270887
+589306240
+82095572
+291425259
+1075669741
+209854446
+50365223
+912669538
W
R
+208591742
+181010038
+2036267705
+2120131589
+1861701682
+1196748250
+1124220263
+973294814
W
R
+1219600867
+1179339467
+1093508921
+486577616
+1258095765
+187386865
+622993624
+956774406
W
R
+554472058
+1325827441
+955701520
+1449089325
+1688622591
+452947988
+1731812679
+617409831
W
R
+1042254228
+1813908251
+908835090
+2117923969
+2023762697
+959200313
+883109859
+84870791
W
R
+1140210352
+771893916
+57518732
+854428386
+1968642166
+1181738995
+1827723200
+1040759385
W
R
+213594814
+773748473
+1527337001
+1471690579
+961135338
+2846977
+280981337
+1515607396
W
R
+1328674418
+1236682857
+817213073
+869813362
+1689630845
+401542104
+1487223193
+584401425
W
R
+67966707
+248574635
+554841746
+2091729405
+1207774949
+1437951605
+29116548
+200501653
W
R
+62361873
+86635281
+1054930039
+2031004039
+1268374276
+735169591
+924279777
+1481969091
W
R
+1508918064
+304133130
+806176022
+322569755
+306980108
+1087157360
+1838177151
+1635654526
W
R
+176356569
+507906577
+357984240
+1865987415
+909448681
+1845207433
+302905192
+977415389
W
R
+2093782069
+857746939
+921661146
+1154073370
+148214896
+950777694
+1354575023
+210576770
W
R
+1037412975
+262021414
+94097161
+158303604
+997191005
+1018376938
+1640272695
+358625421
W
R
+1322510069
+298965069
+681195176
+1629490177
+1386122429
+371888680
+1117661055
+1562478999
W
R
+879795257
+1475645296
+1280982766
+1789243938
+1173369081
+1583887958
+619175679
+1119667502
W
R
+294151249
+1540836825
+126257224
+442366146
+344130872
+1480832247
+652942916
+1381543847
W
R
+1742853661
+747040077
+1539847451
+592561018
+1765417016
+1032636498
+951186440
+940443437
W
R
+1331601568
+1632381616
+422449966
+570240349
+2004270296
+1540111021
+2132719348
+736581905
W
R
+868272669
+1266218466
+378342196
+2041641751
+702622777
+997517875
+1013825605
+996774026
W
R
+390871053
+1140082830
+1439140172
+735001925
+473431429
+2092083088
+2116545772
+68801443
W
R
+691639518
+1508909576
+661362461
+309572886
+394062426
+1612548901
+1250016323
+1725663994
W
R
+1097446870
+1672466289
+148420696
+954233518
+1065093662
+133656396
+1690815424
+1933366332
W
R
+1399874863
+2069157620
+1827524435
+2102497640
+919191847
+693866392
+951788018
+1310062900
W
R
+1833949222
+243444543
+2045064825
+159897004
+188043983
+2014126950
+228698447
+879683501
W
R
+1375552878
+890060908
+1189256387
+1769615304
+355126162
+291789062
+1347795651
+1452573032
W
R
+1964255351
+1496216347
+259322902
+881865366
+1629872743
+1950138326
+667748050
+882263958
W
R
+1871812298
+347788837
+837277950
+643520498
+1041655229
+1789065969
+1953583398
+728120804
W
R
+2032510512
+1851164576
+888017808
+73070847
+1717807878
+1116716255
+952754349
+945877108
W
R
+2006777163
+2142010736
+568008764
+214419677
+286316151
+1915804415
+1666992709
+103087854
W
R
+1264537114
+1926315612
+984953220
+746926210
+1728970290
+1652701270
+1629190168
+1453298941
W
R
+2000490107
+318984471
+2096819439
+894661689
+2108050440
+1902919189
+1622782493
+1993077304
W
R
+1606600117
+363316653
+2066148151
+1176924347
+1480032908
+871418852
+2122801455
+1339326423
W
R
+865945941
+543326572
+1553746101
+1152262092
+311647339
+1073255162
+1255349946
+1576184454
W
R
+852087126
+92819519
+175627016
+433573769
+1745520789
+1804817184
+1886872710
+1598527249
W
R
+2123801655
+1836208501
+345705290
+2084368447
+1591644042
+1968487783
+1929962103
+1050760512
W
R
+184320788
+1848626607
+80201211
+1664353696
+572561811
+55519019
+856196471
+1438507752
W
R
+598845591
+262458924
+443286196
+910492930
+1335714087
+1698636143
+339193736
+40317565
W
R
+1791455662
+514820752
+473891334
+1389492803
+172154289
+213280396
+840536404
+148472296
W
R
+2049488897
+1186241694
+85357096
+1493649292
+1007245829
+2015319199
+396926156
+1191566617
W
R
+1716462158
+477127367
+708436665
+141540322
+532646386
+1564633137
+1580048074
+1131491977
W
R
+1827092061
+2023334271
+2041984908
+1015322500
+1574486766
+233694996
+1055640066
+1218458780
W
R
+748515749
+1529531400
+460467935
+920670038
+1742811797
+1301004340
+1069142334
+1644817046
W
R
+339762386
+1154499430
+990982690
+1347008216
+1022334982
+1387908846
+391091185
+591313492
W
R
+1865036214
+1099527851
+732853814
+250198952
+516677340
+165418241
+1381690930
+196285753
W
R
+41268864
+1276192190
+1211608254
+1615755630
+1509887186
+119764672
+686730762
+110919287
W
R
+1649296072
+1147198697
+1031589325
+1244624221
+300719389
+2100731660
+741957620
+640481776
W
R
+1107747442
+1732940310
+1987489992
+2130082424
+973365509
+231097529
+573912269
+690918075
W
R
+1330625380
+1306766083
+941117027
+1847302720
+1472184324
+175324309
+2043588474
+1513453188
W
R
+1451516499
+1107713080
+981725170
+813920038
+1227477752
+1668455932
+924839325
+729290176
W
R
+668170982
+1956428651
+1973914398
+968890371
+1909676663
+568388370
+1609372147
+869940457
W
R
+153845032
+1449378491
+852539234
+1127210541
+1680476021
+1426451503
+1818128616
+863617753
W
R
+585733938
+611761996
+563436826
+2057918263
+787086305
+459541652
+1423887803
+91119157
W
R
+1567254732
+258129326
+905039195
+647248836
+1926585258
+1829878520
+1376539012
+447272592
W
R
+1638823523
+1202969762
+1416162964
+1401016538
+1771358132
+878051463
+123473348
+1925203165
W
R
+179946307
+976012582
+904930058
+1860422328
+254980437
+575575027
+576556433
+840714375
W
R
+1187337023
+1139993259
+751148990
+1974423328
+1599534911
+27553146
+2065542485
+1019305995
W
R
+285682472
+823098032
+1666554831
+64784082
+505492905
+895610196
+512056675
+2144316428
W
R
+2098579958
+1928219639
+1397849319
+1722454443
+658787454
+1521322667
+1500173960
+838733761
W
R
+349851601
+257620370
+551672441
+604832038
+833195397
+1128228875
+1445546413
+2020532420
W
R
+120738486
+49211756
+1847472101
+1720273398
+76764902
+1765530938
+592095745
+362447374
W
R
+441145323
+111166929
+427231456
+946638228
+1006777125
+939288131
+943471008
+957873435
W
R
+720024122
+193836679
+532844230
+1378811577
+1715159346
+2033018190
+70061690
+2065010947
W
R
+143154913
+621734132
+522359337
+976350310
+1749963007
+1967905751
+849399083
+1870701493
W
R
+2017117507
+549387536
+1443491243
+2093882409
+167434826
+2035586989
+308846135
+608580149
W
R
+2146753918
+736077591
+1555218377
+1006047395
+1675365723
+351205738
+1963920830
+247906197
W
R
+545042417
+349281413
+1626717774
+112718116
+234815955
+1696779465
+30245415
+377970868
W
R
+171029949
+552604753
+1354321179
+1920992956
+373026856
+56236614
+1644210801
+242660715
W
R
+605624150
+940218397
+189059476
+773058976
+828321738
+497905611
+1381639126
+827592008
W
R
+1233983202
+789373855
+1833639403
+761865277
+1140579593
+1650076585
+1009771475
+1685622011
W
R
+1999357998
+489005601
+1798340127
+86690306
+38301418
+1828585542
+464661174
+209331367
W
R
+233706647
+1818982353
+2130324323
+606733503
+1875218967
+1627051477
+849394218
+333359469
W
R
+419786226
+1038453694
+1106418446
+1248107964
+1536359305
+340573924
+2075699972
+622858860
W
R
+1129947779
+1761855727
+1384724137
+123043725
+1264448664
+247011964
+1808665736
+1116323015
W
R
+736017566
+1459522215
+1203013321
+774318984
+1140624109
+1667674495
+983650352
+1374330757
W
R
+1339173201
+966491027
+1981064260
+1066908520
+446058856
+682974831
+1400267990
+865845082
W
R
+1721428525
+359202788
+2113953046
+1110304183
+699776712
+2042169370
+1733163043
+1829724491
W
R
+1656541449
+970403532
+1952768216
+773506466
+1217415497
+1613950304
+1889829481
+1953433063
W
R
+925988871
+945359154
+580268399
+2066612981
+465550001
+1563918751
+1293460090
+1804723202
W
R
+382926131
+1127040702
+724148075
+828984987
+1810015533
+2124416065
+1694830070
+1383960411
W
R
+336135205
+1661299468
+346780946
+1035911917
+1555985191
+2079943989
+718152760
+1065042992
W
R
+902863873
+523437329
+1838549458
+2120279370
+2137387633
+1580895291
+1926228785
+915892857
W
R
+378770797
+359013537
+835022190
+844320799
+1922932288
+2128482280
+501560353
+158374771
W
R
+1108039334
+1225708428
+987359759
+770571220
+1202640845
+534706181
+7047983
+1538776050
W
R
+48522001
+353828929
+427204319
+1604507192
+286289270
+1145357080
+522066537
+1189153143
W
R
+1668794409
+213132347
+1161948866
+1658698394
+1794027639
+940694003
+427107603
+25314788
W
R
+1299707540
+1262129793
+869635587
+1075156181
+1243128425
+1371195941
+1233530952
+203684112
W
R
+449420721
+73407063
+974255332
+1652061567
+608113244
+981303315
+1043353969
+656635246
W
R
+1335132244
+1470558289
+113658790
+1621421514
+468431721
+635725327
+663091009
+2137226130
W
R
+848857675
+1825039875
+1648440876
+495401666
+618250231
+2075548480
+520716454
+1917957771
W
R
+1190194625
+1390352042
+845630304
+285839403
+614064335
+2079161257
+489523515
+1063485056
W
R
+5084672
+1463778847
+568062975
+613197917
+297598514
+1611416945
+1269833163
+1632730758
W
R
+934491586
+1383491953
+1106668624
+1402923307
+2019217281
+1769759633
+1392665789
+720591308
W
R
+1447315861
+893623017
+1215992974
+2065566092
+821687849
+1736709428
+1836040215
+2011882475
W
R
+979577822
+534186872
+150238230
+1593642157
+465864481
+639761745
+509643566
+470949153
W
R
+2103540592
+1077706541
+1084147070
+253655458
+541639838
+206496585
+1886386216
+1476131424
W
R
+1589988539
+845571192
+731571083
+1461722172
+467847177
+2124236872
+34829832
+1915163038
W
R
+870376242
+1250822806
+1833245482
+1692064091
+840048586
+1521802050
+1556462918
+1819626409
W
R
+2055988922
+1706701148
+1265784918
+374369755
+198979245
+1775428484
+845318908
+155036189
W
R
+705651378
+1929465979
+408691647
+1247291216
+2135962564
+147594215
+575938993
+1578467455
W
R
+993165407
+1307510076
+892705979
+1461012585
+1284263301
+927535811
+1228691975
+7155895
W
R
+30874969
+914453810
+1699219986
+870923556
+288772212
+1108199257
+543066317
+197277486
W
R
+667416757
+1808851235
+571647241
+866396003
+1436796072
+1416966149
+1021432192
+2142447450
W
R
+1198948480
+1430123840
+1242255018
+1187427397
+1577718055
+1818194011
+618411204
+423399815
W
R
+978220440
+1511117184
+1884412400
+115000093
+291169347
+965620727
+122155988
+322044317
W
R
+1880074537
+1821375974
+1192967873
+21363101
+782091583
+1736034190
+218640587
+1449508341
W
R
+1397401777
+790287828
+168420696
+686714201
+59770330
+1189852888
+681678003
+1258718810
W
R
+472493080
+1923933022
+298662559
+2050211136
+1594643385
+917073764
+326127303
+425380177
W
R
+280707300
+63056055
+540380270
+571876647
+1028676782
+662536258
+893920964
+761267672
W
R
+336428585
+2086888837
+782630773
+1118520168
+1675439379
+1001271361
+420544861
+925357509
W
R
+1791559189
+588965557
+1612071710
+1851329519
+1778818446
+146266066
+962564682
+103827878
W
R
+2070199088
+1261227241
+6555366
+1517358825
+30817357
+332682669
+1942739003
+311524657
W
R
+395738724
+335635625
+883401305
+1424415507
+998171884
+1777322269
+38199531
+1334600469
W
R
+1716727459
+820830304
+305636989
+1244683190
+1822101665
+726181851
+22557051
+1466177207
W
R
+1315147408
+1634628762
+1170023078
+946482206
+1780894828
+2132587760
+1050310085
+1703610268
W
R
+1246331354
+1056865451
+1073485445
+1277148711
+1389548121
+868740800
+1588673369
+1785286845
W
R
+1204376426
+324591026
+1062218704
+55064662
+2101913295
+1100418235
+1389665131
+1671157106
W
R
+1921248540
+1695302120
+768356649
+1595866557
+274000323
+790913700
+914560116
+1589147732
W
R
+278058814
+2084583195
+388146290
+2058953642
+2069687307
+1438456375
+1615080262
+1168535013
W
R
+347838179
+541082060
+298200077
+1737386300
+1409822860
+1886873446
+1375189497
+466715638
W
R
+63980824
+289924554
+521780300
+18410471
+1390342789
+1911445431
+1689567578
+1164107681
W
R
+1459263904
+310440579
+612490591
+1733264227
+1101354279
+1527050707
+1174928311
+1379413094
W
R
+1464150254
+1563074602
+1290883088
+1386353914
+854047329
+758479703
+407405279
+1201885508
W
R
+1299561763
+705605356
+791788160
+561900975
+444995154
+19494010
+1028616614
+508975978
W
R
+309418564
+1550396914
+527386450
+1699761353
+1314358698
+69470380
+716385387
+626138954
W
R
+379910959
+1328875978
+211919533
+1481265238
+708443037
+1386847845
+713194684
+25109644
W
R
+802438799
+2004077773
+1411463558
+1656486128
+615073828
+1818868837
+710887989
+1914635591
W
R
+376990546
+1502676149
+329052918
+821985700
+1522170159
+1357669532
+1330961679
+1831588723
W
R
+760582799
+1858348129
+1383866429
+2074941497
+1927818509
+2100251816
+553596803
+160245820
W
R
+1281644146
+765516336
+1641511058
+1990087183
+4880533
+207222095
+2015196827
+807319332
W
R
+63816220
+1279176737
+316321813
+678890048
+950561927
+1027209802
+446041991
+1327552473
W
R
+382402303
+775094909
+2054525
+1904572463
+2132764442
+1333016204
+1588677538
+745863593
W
R
+1043880685
+825060319
+673321442
+824215546
+777828487
+1226918245
+984461366
+2059472633
W
R
+1992434581
+478488777
+1902076169
+1997315115
+685710872
+1769789348
+657150799
+749527092
W
R
+901482438
+973472612
+1428417140
+1852044365
+2000682414
+1874459131
+1032113190
+235601070
W
R
+502070392
+1034167715
+2140173533
+487351186
+219700272
+1581367423
+1233214779
+1263580957
W
R
+258944095
+1906536221
+2087796504
+1036772582
+985970818
+924774222
+948761568
+830921752
W
R
+1403262999
+703354089
+680753219
+2088973871
+325659789
+1337904018
+691017315
+1227142227
W
R
+163892983
+2119434455
+931702944
+17091749
+1846409938
+1963816134
+252692819
+200996683
W
R
+850500202
+245382704
+688347869
+1070200474
+1826750128
+1921562649
+186297783
+2085694223
W
R
+1680615222
+126610639
+974983157
+519102393
+1051384862
+1923744725
+1350024145
+307164213
W
R
+479615166
+2030777364
+248654437
+805274956
+1221197734
+939671752
+2032417183
+1385090717
W
R
+911622560
+816636480
+1402182467
+610548850
+632968966
+1654875286
+811545533
+1483469168
W
R
+1900257991
+1499893403
+406185994
+1579524471
+1273972404
+592483778
+1517735046
+807103978
W
R
+719094417
+345234555
+1326206371
+1770479279
+121495633
+528746868
+2077643493
+601110799
W
R
+412040584
+178814282
+1406385755
+1633238319
+1118486034
+1291319291
+870845388
+2030108594
W
R
+2107955771
+125544207
+493173797
+593441089
+1780419494
+1304719330
+2076910258
+1533193837
W
R
+657129085
+335612604
+965234660
+1931101489
+928096382
+335486058
+590721820
+1647190800
W
R
+680720613
+1916928191
+1270186431
+802216246
+298191412
+1200346276
+1403327046
+710231996
W
R
+1379160558
+662229153
+195986667
+350162945
+1953548444
+1066832056
+232787891
+1914020567
W
R
+1192376263
+725961688
+359978009
+825312109
+2030681019
+289404619
+211022298
+540326456
W
R
+625017223
+1176256958
+323944298
+1553113606
+1511743016
+914666118
+1052820758
+44979982
W
R
+684110661
+175523541
+847196228
+982302073
+1375869818
+103039626
+1692534070
+607546728
W
R
+765268780
+1888520737
+957709673
+571333576
+807869145
+1190497565
+337870496
+2000245409
W
